[gd_scene load_steps=4 format=3 uid="uid://c8mhbkgily14y"]

[ext_resource type="Script" path="res://Scripts/Turret.gd" id="1_tv2lo"]
[ext_resource type="PackedScene" uid="uid://dn5m8d8ae0v4y" path="res://Scenes/Uzi.tscn" id="2_s1m8g"]

[sub_resource type="CylinderMesh" id="CylinderMesh_0ed71"]

[node name="Turret" type="Node3D"]
transform = Transform3D(0.0425209, -4.36718e-08, -0.999096, 4.36719e-08, 1, -4.18527e-08, 0.999096, -4.18527e-08, 0.0425209, 0, 0, 0)
script = ExtResource("1_tv2lo")
shoot_distance = 20.0

[node name="Head" type="Node3D" parent="."]

[node name="Gun" parent="Head" instance=ExtResource("2_s1m8g")]
transform = Transform3D(-5.96046e-08, 3.55271e-15, 1, 1.21014e-14, 1, 2.13163e-14, -1, 8.99281e-15, -5.96046e-08, 0.000346296, 0.213656, -0.629382)

[node name="MeshInstance3D2" type="MeshInstance3D" parent="Head"]
transform = Transform3D(0.3672, 0, 0, 0, 0.302374, 0, 0, 0, 0.7, 0, -0.273638, 0)
mesh = SubResource("CylinderMesh_0ed71")
skeleton = NodePath("../..")

[node name="Body" type="Node3D" parent="."]

[node name="MeshInstance3D" type="MeshInstance3D" parent="Body"]
transform = Transform3D(1, 0, 0, 0, 1, 0, 0, 0, 1, 0, -1.34272, 0)
mesh = SubResource("CylinderMesh_0ed71")
skeleton = NodePath("../..")

[node name="MeshInstance3D2" type="MeshInstance3D" parent="Body"]
transform = Transform3D(1, 0, 0, 0, 0.5, -0.866025, 0, 0.866025, 0.5, 0, -2.13554, -0.773205)
mesh = SubResource("CylinderMesh_0ed71")
skeleton = NodePath("../..")

[node name="MeshInstance3D4" type="MeshInstance3D" parent="Body"]
transform = Transform3D(0.707107, -0.707107, 0, 0.707107, 0.707107, 0, 0, 0, 1, 0.565685, -2.04982, 0)
mesh = SubResource("CylinderMesh_0ed71")
skeleton = NodePath("../..")

[node name="MeshInstance3D5" type="MeshInstance3D" parent="Body"]
transform = Transform3D(0.707107, 0.707107, 0, -0.707107, 0.707107, 0, 0, 0, 1, -0.636396, -2.26195, 0)
mesh = SubResource("CylinderMesh_0ed71")
skeleton = NodePath("../..")

[node name="MeshInstance3D3" type="MeshInstance3D" parent="Body"]
transform = Transform3D(0.774639, 0, 0, 0, 0.156846, 0, 0, 0, 0.7, 0, -0.409539, 0)
mesh = SubResource("CylinderMesh_0ed71")
skeleton = NodePath("../..")
